salut: 6.333333333333333, Prediction : , Irma: -4.166666666666667
test: 7, Prediction : Bien, Irma: -3.5
hugo.demaret@defi-lovelace.fr: 14.0, Prediction : Très bien, Irma: 0.0
